"V1" "V2" "V3" "V4" "V5" "V6" "V7" "V8" "V9" "V10" "V11" "V12" "V13" "V14" "V15" "V16" "V17" "V18" "V19" "V20" "V21" "V22" "V23" "V24" "V25" "V26" "V27" "V28" "V29" "V30" "V31" "V32" "V33" "V34" "V35" "V36" "V37" "V38" "V39" "V40" "V41" "V42" "V43" "V44" "V45" "V46" "V47" "V48" "V49" "V50" "V51" "V52" "V53" "V54" "V55" "V56" "V57" "V58" "V59" "V60" "V61" "V62" "V63" "V64" "V65" "V66" "V67" "V68" "V69" "V70" "V71" "V72" "V73" "V74" "V75" "V76" "V77" "V78" "V79" "V80" "V81" "V82" "V83" "V84" "V85" "V86" "V87" "V88" "V89" "V90" "V91" "V92" "V93" "V94" "V95" "V96" "V97" "V98" "V99" "V100"
"Fa13.BD.MLB.DN.1" 2682 2695 2632 2736 2662 2644 2646 2738 2668 2641 2686 2689 2671 2709 2692 2660 2675 2599 2699 2678 2702 2623 2683 2667 2710 2638 2646 2671 2658 2649 2627 2648 2665 2698 2626 2667 2707 2693 2705 2690 2594 2687 2634 2709 2622 2705 2716 2667 2719 2667 2651 2678 2678 2639 2693 2719 2659 2690 2650 2621 2657 2670 2694 2706 2673 2645 2729 2749 2684 2633 2718 2660 2657 2644 2709 2670 2685 2669 2641 2690 2710 2682 2648 2631 2661 2675 2673 2669 2713 2661 2681 2671 2705 2623 2699 2624 2715 2708 2696 2682
"Fa13.BD.MLB.SN.1" 2476 2458 2499 2435 2491 2448 2459 2409 2404 2530 2475 2436 2518 2437 2476 2535 2490 2465 2473 2466 2541 2533 2540 2460 2483 2459 2519 2432 2470 2574 2454 2471 2419 2464 2491 2441 2456 2399 2409 2433 2464 2474 2431 2432 2495 2495 2545 2418 2447 2427 2480 2523 2443 2455 2504 2494 2487 2488 2498 2465 2445 2492 2441 2473 2500 2447 2516 2459 2531 2474 2444 2475 2451 2440 2477 2472 2471 2452 2472 2391 2532 2461 2456 2491 2462 2500 2458 2461 2510 2458 2423 2449 2471 2470 2480 2449 2450 2459 2436 2459
"Fa13.BD.MM110.DN.1" 1239 1229 1255 1248 1226 1254 1217 1239 1224 1220 1242 1253 1221 1229 1241 1210 1222 1278 1276 1284 1213 1231 1199 1259 1261 1209 1226 1217 1221 1285 1293 1244 1277 1230 1253 1239 1203 1251 1224 1217 1248 1234 1237 1226 1254 1232 1234 1217 1266 1223 1235 1260 1184 1253 1200 1259 1279 1243 1264 1240 1252 1244 1174 1273 1232 1243 1193 1211 1242 1205 1277 1220 1269 1279 1236 1218 1221 1262 1220 1205 1257 1278 1209 1225 1263 1191 1234 1272 1271 1231 1237 1240 1230 1232 1232 1207 1192 1213 1250 1230
"Fa13.BD.MM110.SD.1" 1455 1443 1473 1466 1438 1475 1445 1434 1509 1452 1451 1449 1454 1434 1470 1446 1430 1437 1454 1482 1503 1427 1479 1466 1395 1485 1511 1485 1436 1481 1457 1430 1455 1474 1457 1442 1463 1450 1453 1527 1462 1506 1491 1456 1448 1490 1455 1486 1461 1482 1481 1456 1452 1457 1481 1450 1415 1426 1496 1437 1436 1453 1481 1521 1458 1476 1507 1480 1437 1415 1472 1488 1473 1473 1449 1451 1469 1413 1419 1435 1453 1529 1482 1466 1464 1462 1528 1525 1435 1483 1488 1441 1474 1478 1483 1509 1441 1449 1459 1515
"Fa13.BD.MM110.SN.1" 1360 1312 1292 1317 1323 1261 1322 1305 1327 1308 1313 1350 1277 1341 1286 1304 1303 1310 1338 1314 1306 1298 1313 1332 1336 1283 1291 1354 1324 1339 1326 1332 1288 1305 1296 1300 1277 1280 1353 1326 1346 1278 1317 1307 1341 1316 1325 1237 1285 1299 1336 1289 1316 1313 1297 1320 1332 1346 1322 1299 1355 1336 1313 1314 1314 1298 1298 1295 1350 1353 1333 1232 1326 1258 1353 1265 1325 1316 1303 1305 1342 1343 1287 1379 1329 1302 1294 1301 1299 1346 1308 1333 1313 1289 1326 1349 1300 1286 1291 1280
"Fa13.BD.MM15.DN.1" 1857 1812 1803 1851 1812 1823 1858 1816 1826 1853 1836 1792 1860 1808 1785 1864 1876 1843 1838 1869 1824 1865 1777 1880 1840 1824 1844 1831 1830 1770 1852 1876 1814 1800 1760 1835 1824 1840 1819 1838 1801 1802 1773 1830 1843 1892 1822 1788 1882 1820 1867 1822 1861 1852 1789 1858 1835 1816 1852 1838 1854 1826 1856 1838 1789 1812 1849 1832 1856 1845 1857 1778 1802 1844 1766 1823 1797 1886 1865 1826 1797 1792 1752 1844 1808 1876 1801 1821 1838 1815 1847 1838 1827 1768 1818 1817 1803 1777 1792 1827
"Fa13.BD.MM15.SD.1" 1597 1579 1592 1661 1579 1611 1609 1611 1635 1605 1599 1574 1599 1623 1632 1637 1648 1579 1581 1561 1630 1545 1632 1643 1638 1531 1648 1608 1623 1594 1580 1637 1624 1607 1603 1583 1592 1561 1558 1617 1585 1656 1583 1585 1619 1616 1637 1659 1633 1523 1665 1655 1576 1617 1694 1558 1566 1572 1583 1583 1606 1634 1601 1537 1580 1613 1625 1630 1611 1627 1586 1609 1612 1530 1663 1559 1614 1562 1565 1673 1641 1602 1677 1664 1541 1556 1615 1639 1569 1587 1562 1624 1644 1595 1550 1567 1584 1585 1611 1585
"Fa13.BD.MM15.SN.1" 1768 1753 1808 1784 1749 1779 1809 1794 1776 1767 1767 1823 1729 1803 1769 1741 1780 1751 1776 1742 1843 1733 1779 1740 1757 1797 1746 1756 1771 1770 1752 1784 1796 1777 1806 1730 1751 1765 1784 1753 1801 1787 1797 1824 1784 1825 1778 1751 1763 1791 1738 1793 1745 1774 1795 1784 1777 1773 1818 1761 1757 1800 1755 1807 1755 1751 1807 1772 1825 1767 1785 1758 1755 1744 1829 1825 1701 1804 1742 1753 1779 1742 1783 1767 1744 1796 1731 1818 1783 1756 1785 1752 1799 1788 1799 1815 1790 1785 1777 1808
"Fa13.ED.MLB.DN.1" 3834 3758 3757 3778 3820 3779 3701 3729 3757 3764 3711 3772 3808 3690 3777 3781 3783 3697 3765 3686 3767 3754 3756 3788 3788 3783 3793 3795 3761 3834 3790 3825 3703 3746 3784 3829 3790 3744 3821 3720 3793 3739 3771 3677 3709 3758 3835 3746 3681 3728 3800 3768 3799 3841 3808 3775 3794 3816 3760 3812 3704 3781 3776 3742 3823 3760 3759 3881 3743 3764 3698 3751 3775 3831 3781 3800 3754 3835 3765 3752 3819 3739 3808 3752 3740 3727 3773 3822 3845 3760 3826 3795 3770 3783 3748 3783 3828 3837 3807 3768
"Fa13.ED.MLB.SN.1" 3661 3677 3731 3674 3717 3718 3749 3731 3684 3691 3744 3670 3766 3693 3640 3748 3726 3737 3700 3693 3764 3678 3667 3739 3734 3807 3684 3727 3720 3687 3706 3655 3679 3729 3726 3752 3718 3695 3733 3694 3671 3684 3785 3710 3680 3732 3711 3696 3687 3754 3752 3662 3643 3708 3702 3704 3751 3649 3675 3686 3740 3711 3688 3699 3668 3748 3733 3745 3678 3754 3644 3718 3719 3612 3699 3763 3723 3629 3695 3673 3750 3681 3690 3702 3683 3727 3648 3706 3758 3723 3720 3670 3742 3743 3654 3660 3692 3732 3681 3699
"Fa13.ED.MM110.DN.1" 1864 1809 1824 1810 1825 1902 1808 1801 1820 1838 1819 1855 1782 1814 1812 1827 1815 1793 1842 1821 1845 1829 1796 1831 1858 1813 1812 1833 1838 1838 1810 1827 1804 1813 1816 1767 1843 1871 1812 1804 1823 1839 1798 1849 1824 1828 1802 1865 1825 1813 1829 1811 1804 1845 1832 1838 1831 1817 1852 1839 1860 1799 1807 1823 1841 1824 1840 1852 1820 1829 1830 1829 1811 1783 1819 1841 1829 1810 1837 1797 1849 1892 1874 1838 1825 1788 1820 1824 1803 1813 1822 1813 1831 1807 1786 1800 1801 1868 1803 1835
"Fa13.ED.MM110.SD.1" 876 897 893 876 861 887 890 890 889 864 899 859 872 885 869 889 879 861 908 883 920 855 909 855 879 875 886 894 871 877 896 856 873 899 865 912 862 908 897 883 842 898 917 885 880 858 906 883 865 880 847 866 867 876 893 866 881 877 875 887 869 872 894 874 845 892 897 850 878 883 870 872 872 883 887 879 903 905 885 891 880 871 882 910 874 888 890 883 888 883 891 878 856 874 877 866 874 870 901 886
"Fa13.ED.MM110.SN.1" 1302 1290 1253 1270 1303 1310 1316 1323 1298 1319 1341 1305 1319 1286 1275 1289 1283 1332 1320 1355 1287 1294 1296 1281 1287 1269 1281 1320 1305 1282 1322 1272 1313 1290 1284 1283 1320 1305 1315 1323 1299 1276 1302 1298 1304 1264 1322 1281 1263 1285 1327 1306 1316 1292 1319 1302 1344 1305 1312 1266 1315 1300 1323 1284 1281 1300 1297 1326 1334 1364 1275 1306 1312 1324 1322 1297 1301 1289 1300 1329 1259 1319 1306 1334 1311 1318 1304 1282 1303 1322 1266 1339 1293 1319 1359 1293 1332 1302 1300 1295
"Fa13.ED.MM15.DN.1" 2277 2234 2248 2217 2276 2232 2244 2278 2301 2266 2279 2288 2249 2266 2276 2250 2248 2261 2269 2250 2276 2286 2281 2258 2297 2287 2224 2243 2298 2246 2271 2264 2234 2252 2224 2271 2258 2266 2245 2270 2288 2251 2262 2290 2257 2247 2242 2242 2246 2254 2258 2298 2260 2296 2225 2264 2263 2267 2261 2266 2293 2256 2238 2256 2278 2188 2252 2285 2247 2299 2240 2274 2294 2254 2210 2255 2277 2218 2204 2272 2246 2296 2249 2289 2240 2306 2260 2226 2284 2261 2264 2258 2334 2230 2285 2252 2246 2225 2251 2256
"Fa13.ED.MM15.SD.1" 1957 1935 1960 1962 1901 1929 1945 1915 1963 1923 1953 1981 1965 1997 1986 1941 1964 1972 1966 1942 1966 1982 1953 1984 1976 1961 1975 1952 1923 1937 1929 1952 1954 1931 1955 1920 1932 1992 2003 1961 1977 1911 1929 1942 1929 1933 1974 1972 1971 1984 1953 2013 1926 1940 1998 1993 1962 1956 1954 1938 1967 1984 1950 1945 2023 1973 1949 1974 2023 1982 1997 1977 1910 1967 1977 1959 1890 1916 1973 1963 1927 1964 1928 1906 2009 1941 1944 1942 1976 1962 1910 1971 1923 1949 1932 1991 1996 1964 1983 1970
"Fa13.ED.MM15.SN.1" 1736 1782 1765 1747 1759 1742 1754 1783 1777 1777 1772 1777 1760 1742 1789 1751 1794 1784 1776 1734 1738 1783 1773 1739 1776 1780 1749 1761 1766 1757 1755 1764 1773 1770 1756 1786 1765 1764 1753 1775 1763 1740 1783 1754 1790 1730 1785 1761 1782 1791 1779 1774 1764 1764 1728 1744 1731 1755 1751 1751 1741 1760 1769 1766 1785 1775 1774 1762 1793 1762 1748 1782 1747 1772 1779 1776 1760 1737 1776 1782 1752 1754 1748 1770 1776 1738 1751 1788 1768 1758 1822 1755 1752 1751 1761 1774 1796 1756 1754 1734
"Sp13.BD.MLB.SN.1" 4926 4863 4914 4954 4898 4959 4924 4900 4895 4914 4911 4894 4932 4856 4900 4948 4860 4900 4876 4890 4926 4945 4865 4890 4928 4805 4923 4831 4879 4916 4876 4883 4893 4897 4869 4954 4916 4902 4904 4906 4929 4877 4909 4880 4869 4811 4895 4874 4933 4849 4887 4871 4939 4880 4870 4882 4867 4896 4815 4898 4854 4911 4953 4858 4844 4872 4878 4990 4940 4899 4851 4876 4943 4931 4960 4905 4905 4871 4898 4911 4912 4924 4879 4840 4947 4870 4932 4827 4825 4833 4853 4856 4859 4977 4850 4969 4873 4941 4933 4902
"Sp13.BD.MM110.DD.1" 1771 1824 1812 1826 1829 1806 1823 1839 1826 1745 1834 1804 1840 1806 1841 1803 1797 1828 1785 1785 1791 1814 1875 1777 1765 1851 1843 1813 1743 1832 1836 1809 1788 1831 1836 1812 1771 1814 1834 1787 1842 1822 1865 1837 1832 1852 1861 1829 1828 1860 1762 1875 1821 1821 1849 1813 1781 1815 1763 1827 1862 1779 1829 1835 1813 1837 1802 1775 1862 1818 1856 1868 1805 1817 1871 1821 1810 1854 1761 1801 1802 1820 1827 1835 1781 1840 1844 1836 1810 1855 1812 1867 1816 1864 1856 1873 1782 1826 1815 1871
"Sp13.BD.MM110.SD.1" 1689 1696 1677 1640 1643 1643 1649 1715 1668 1676 1659 1697 1715 1601 1661 1676 1647 1630 1623 1746 1674 1664 1659 1721 1671 1597 1711 1705 1773 1688 1677 1688 1678 1651 1667 1663 1661 1679 1662 1675 1621 1634 1663 1660 1681 1629 1629 1686 1686 1665 1685 1635 1678 1638 1731 1672 1649 1721 1646 1680 1690 1650 1674 1654 1692 1646 1600 1701 1651 1668 1693 1636 1681 1601 1712 1671 1629 1676 1697 1716 1675 1596 1616 1648 1676 1679 1670 1714 1690 1669 1581 1697 1658 1633 1694 1737 1659 1670 1667 1623
"Sp13.BD.MM110.SN.1" 1257 1263 1199 1299 1266 1282 1276 1294 1258 1287 1259 1247 1253 1219 1235 1299 1256 1227 1265 1272 1280 1275 1294 1301 1250 1263 1214 1254 1241 1264 1337 1275 1239 1264 1309 1217 1296 1277 1259 1249 1233 1262 1300 1275 1192 1226 1232 1256 1247 1272 1305 1286 1279 1254 1257 1225 1290 1252 1283 1263 1318 1266 1230 1249 1254 1281 1273 1314 1279 1217 1282 1244 1275 1228 1250 1279 1229 1241 1247 1272 1245 1256 1284 1269 1249 1292 1318 1255 1280 1241 1245 1279 1235 1279 1286 1287 1255 1278 1239 1217
"Sp13.BD.MM15.DD.1" 2966 3032 3024 3010 2871 2993 2964 2930 2988 3032 3016 2956 3067 3009 2984 2963 2967 3022 3004 2989 3017 2992 3014 3024 3020 3002 3027 2944 2965 2989 3003 2975 2969 2944 3004 3024 3068 3002 2939 2906 2976 2962 2931 3001 2972 2947 2930 2965 3041 2981 2991 2989 2940 2994 3037 2971 2954 2978 2931 2975 2961 2983 2984 2998 3056 2987 2989 3001 3001 2980 2976 3027 3008 2951 2974 3000 2982 2997 2994 2933 2961 3012 3009 3025 2936 2957 2960 2974 3015 3028 3103 3027 2986 2925 2981 2960 3041 2990 3036 2998
"Sp13.BD.MM15.SD.1" 2587 2620 2652 2659 2609 2627 2605 2664 2671 2572 2633 2574 2559 2590 2598 2667 2554 2611 2641 2622 2630 2649 2621 2619 2574 2557 2557 2593 2624 2571 2587 2545 2601 2638 2632 2588 2594 2533 2584 2575 2590 2619 2643 2662 2577 2609 2559 2618 2617 2578 2606 2562 2601 2617 2579 2588 2552 2616 2643 2686 2610 2620 2564 2547 2612 2621 2629 2691 2519 2572 2589 2618 2593 2543 2561 2627 2569 2609 2594 2594 2628 2536 2612 2600 2550 2641 2652 2585 2596 2674 2656 2596 2613 2630 2569 2588 2541 2554 2581 2561
"Sp13.BD.MM15.SN.1" 3045 3094 2993 3046 3015 3010 3081 3118 3076 3060 3067 3052 3087 3042 2978 3059 3042 3033 3007 3090 3025 2976 3099 3059 3049 3028 2988 3022 3029 3074 3054 2979 3021 3058 3096 2956 3030 2982 3025 3073 3057 3078 2999 3016 3078 3003 3030 3141 3035 3044 2979 3088 3063 3041 3020 2996 3019 3048 3065 2999 3083 3011 3014 3042 3005 2947 3031 3053 3012 3021 3012 3055 3058 3026 3048 3021 3019 3046 3033 3055 3046 3028 3008 3032 3068 3098 3063 3048 3052 3059 3044 3065 3032 3025 3073 3032 3034 3028 3080 3020
"Sp13.ED.MLB.SN.1" 4353 4346 4387 4326 4367 4456 4329 4354 4299 4385 4355 4299 4335 4302 4356 4406 4331 4432 4396 4361 4369 4366 4379 4380 4325 4428 4363 4337 4331 4343 4292 4347 4334 4325 4348 4406 4387 4360 4347 4373 4359 4393 4319 4375 4354 4343 4347 4353 4358 4354 4299 4336 4389 4414 4323 4272 4341 4357 4309 4334 4342 4374 4352 4357 4324 4318 4330 4360 4367 4346 4394 4336 4364 4267 4366 4346 4352 4328 4293 4445 4313 4354 4362 4328 4376 4372 4327 4299 4380 4408 4356 4364 4351 4344 4343 4360 4372 4295 4359 4366
"Sp13.ED.MM110.DD.1" 3483 3427 3467 3469 3476 3442 3438 3420 3452 3414 3445 3484 3435 3422 3471 3476 3509 3432 3447 3412 3444 3401 3456 3420 3456 3493 3432 3451 3465 3456 3455 3496 3494 3441 3495 3455 3438 3439 3431 3441 3478 3422 3443 3474 3420 3512 3467 3442 3450 3447 3428 3441 3450 3443 3421 3438 3443 3444 3478 3462 3462 3500 3421 3452 3402 3451 3428 3472 3472 3466 3465 3478 3454 3415 3443 3459 3439 3487 3438 3398 3446 3461 3402 3459 3445 3432 3462 3441 3474 3453 3446 3500 3426 3455 3489 3483 3510 3483 3412 3447
"Sp13.ED.MM110.SD.1" 1881 1887 1894 1893 1886 1897 1872 1876 1886 1902 1890 1887 1879 1888 1902 1870 1885 1905 1871 1870 1890 1907 1880 1859 1861 1897 1882 1888 1887 1872 1896 1893 1876 1876 1907 1894 1888 1909 1860 1915 1903 1897 1889 1896 1872 1897 1893 1863 1894 1903 1886 1875 1867 1884 1895 1900 1883 1877 1870 1916 1914 1905 1900 1900 1872 1890 1882 1911 1872 1904 1905 1872 1882 1892 1892 1871 1876 1882 1916 1909 1912 1889 1893 1902 1889 1896 1878 1887 1888 1894 1902 1886 1849 1924 1874 1869 1908 1860 1887 1885
"Sp13.ED.MM110.SN.1" 2477 2498 2509 2523 2453 2500 2490 2475 2474 2502 2487 2499 2482 2486 2457 2511 2494 2520 2497 2498 2480 2490 2522 2473 2471 2523 2484 2496 2500 2493 2513 2504 2521 2486 2473 2498 2537 2504 2473 2440 2491 2468 2460 2478 2518 2484 2505 2505 2485 2492 2505 2507 2460 2521 2515 2483 2510 2527 2475 2518 2501 2487 2535 2486 2500 2481 2479 2489 2506 2501 2491 2529 2504 2469 2527 2454 2497 2474 2524 2462 2489 2494 2511 2496 2516 2512 2490 2472 2468 2484 2536 2513 2527 2511 2480 2513 2510 2488 2523 2516
"Sp13.ED.MM15.DD.1" 4191 4155 4192 4161 4148 4110 4126 4142 4208 4172 4220 4179 4192 4177 4148 4154 4132 4197 4175 4214 4153 4179 4165 4204 4208 4191 4210 4143 4263 4162 4165 4189 4110 4121 4196 4179 4180 4173 4123 4235 4177 4178 4233 4188 4166 4185 4173 4211 4167 4080 4228 4196 4176 4195 4174 4180 4222 4224 4136 4183 4194 4127 4177 4177 4262 4228 4195 4244 4214 4166 4230 4132 4166 4178 4194 4179 4238 4224 4130 4190 4236 4226 4163 4154 4102 4209 4217 4153 4175 4207 4130 4170 4176 4173 4245 4227 4167 4198 4184 4156
"Sp13.ED.MM15.SD.1" 3065 3011 2993 3040 3045 3087 2997 3089 3012 3080 3043 3042 3003 3048 3068 3039 3040 3029 3008 3044 3089 3052 3029 3063 3024 3032 3011 3046 3099 3051 3084 3052 3025 3022 3041 3008 3045 3040 3083 3071 3031 3021 3062 3061 3063 3013 3078 3021 2984 3019 3066 3080 3026 3048 3069 3041 3057 3081 3037 3044 3014 2997 3089 3062 3097 3045 3032 3057 3023 3040 3047 3076 3014 3029 3038 3027 3023 3027 3104 3008 3056 3109 3007 3075 3023 3066 3062 3065 3050 3046 3097 3071 3046 3090 3086 3078 3102 3005 3032 3060
"Sp13.ED.MM15.SN.1" 3887 3802 3891 3821 3799 3911 3871 3882 3827 3806 3810 3746 3846 3811 3877 3871 3770 3871 3857 3745 3861 3837 3853 3846 3847 3843 3905 3888 3824 3855 3751 3840 3855 3862 3847 3843 3806 3801 3794 3828 3817 3881 3857 3868 3862 3834 3778 3819 3849 3878 3872 3919 3890 3839 3860 3831 3786 3882 3819 3890 3802 3807 3877 3829 3819 3847 3767 3875 3845 3783 3857 3939 3870 3815 3928 3855 3808 3832 3824 3857 3848 3821 3814 3850 3914 3812 3834 3822 3891 3889 3837 3833 3870 3840 3808 3839 3860 3882 3864 3814
"Su13.BD.MLB.DD.1" 1968 1902 1937 1926 1910 1911 1872 1940 1885 1924 1916 1956 1923 1948 1956 1957 1905 1932 1914 1942 1912 1870 1900 1983 1888 1984 1890 1922 1943 1882 1986 1950 1913 1928 1926 1952 1944 1916 1921 1958 1921 1921 1938 1899 1938 1975 1916 1930 1929 1922 1876 1890 1973 1992 1896 1885 1903 1953 1927 1960 1960 1949 1936 1947 1940 1894 1966 1925 1940 1918 1952 1921 1900 1921 1955 1911 1975 1900 1917 1906 1934 1918 1896 1915 1898 1960 1913 1931 1993 1878 1889 1929 1922 1962 1911 1942 1903 1941 1992 1935
"Su13.BD.MLB.SD.1" 1850 1898 1849 1855 1827 1894 1808 1791 1814 1832 1877 1838 1903 1832 1768 1844 1858 1819 1838 1864 1796 1839 1843 1826 1894 1871 1852 1840 1854 1849 1818 1870 1780 1840 1831 1841 1878 1851 1856 1853 1836 1873 1879 1845 1841 1853 1822 1837 1913 1848 1774 1883 1811 1861 1819 1854 1802 1868 1830 1807 1848 1868 1786 1838 1825 1857 1826 1843 1846 1839 1866 1876 1859 1880 1856 1821 1866 1827 1832 1821 1865 1864 1827 1873 1874 1895 1816 1839 1801 1844 1848 1854 1821 1843 1862 1853 1852 1846 1836 1869
"Su13.BD.MM110.DCMD.1" 1003 1099 1042 1038 1040 1048 1053 1069 1068 1056 1010 1103 1034 1056 1055 1035 1089 1037 1039 1081 1039 1076 1035 1056 1042 1046 1042 1075 1038 1087 1049 1085 1061 1053 1051 1080 1078 1055 1056 1024 1012 1041 1042 1072 1088 1028 1038 1071 1070 1057 1055 1057 1047 1039 1040 1033 1100 1063 1017 1058 1070 1018 1073 1085 1002 1042 1065 1050 1043 1039 1064 1000 1060 992 1052 1064 1069 1024 1035 1045 1032 1002 1070 1096 1022 1061 1061 1022 1061 1033 1042 1048 1052 1070 1033 999 1082 1068 1062 1047
"Su13.BD.MM110.DN.1" 1131 1160 1183 1129 1115 1143 1132 1182 1156 1116 1156 1127 1160 1113 1120 1132 1168 1107 1174 1179 1135 1089 1143 1181 1163 1156 1136 1133 1098 1150 1134 1142 1144 1140 1148 1159 1110 1141 1119 1134 1133 1187 1064 1133 1129 1165 1136 1163 1187 1135 1136 1100 1120 1130 1142 1085 1130 1142 1141 1142 1189 1162 1123 1128 1136 1134 1127 1166 1151 1119 1081 1138 1138 1130 1156 1178 1148 1107 1142 1148 1170 1158 1139 1189 1146 1177 1161 1110 1120 1180 1138 1137 1141 1121 1134 1126 1162 1131 1176 1131
"Su13.BD.MM110.SD.1" 1215 1203 1178 1211 1236 1188 1177 1176 1173 1198 1206 1236 1211 1201 1165 1150 1216 1194 1249 1158 1170 1163 1200 1188 1187 1176 1179 1182 1199 1200 1189 1172 1191 1228 1184 1167 1177 1211 1172 1216 1237 1209 1215 1166 1205 1210 1181 1215 1180 1206 1237 1196 1195 1206 1211 1211 1157 1140 1223 1193 1175 1237 1189 1196 1202 1204 1224 1191 1178 1211 1231 1231 1218 1212 1205 1188 1212 1177 1186 1211 1211 1214 1172 1178 1184 1220 1186 1177 1207 1224 1141 1206 1201 1197 1185 1235 1185 1148 1187 1182
"Su13.BD.MM110.SN.1" 1302 1270 1343 1231 1272 1238 1325 1360 1271 1249 1257 1280 1275 1293 1295 1293 1327 1284 1303 1313 1306 1301 1273 1292 1315 1311 1313 1321 1316 1262 1329 1301 1271 1284 1286 1301 1304 1277 1289 1300 1349 1302 1211 1302 1291 1289 1334 1318 1280 1343 1276 1307 1281 1279 1272 1273 1257 1264 1302 1309 1300 1302 1350 1292 1299 1272 1240 1348 1294 1306 1259 1329 1311 1292 1318 1261 1289 1304 1336 1296 1278 1278 1284 1321 1246 1262 1273 1264 1292 1265 1330 1344 1289 1319 1284 1278 1272 1316 1278 1258
"Su13.BD.MM15.DN.1" 1683 1641 1634 1614 1583 1617 1612 1670 1639 1610 1609 1677 1626 1628 1629 1651 1661 1646 1605 1671 1633 1651 1610 1644 1638 1578 1676 1624 1649 1629 1645 1666 1616 1612 1669 1574 1578 1624 1612 1588 1653 1655 1645 1603 1660 1676 1580 1638 1660 1615 1657 1602 1582 1657 1602 1627 1630 1619 1646 1602 1648 1661 1599 1627 1596 1607 1622 1588 1672 1631 1655 1626 1654 1627 1639 1588 1636 1656 1614 1609 1603 1669 1671 1602 1607 1617 1646 1639 1565 1679 1637 1600 1614 1589 1642 1605 1606 1629 1632 1592
"Su13.BD.MM15.SD.1" 1621 1671 1685 1708 1651 1624 1625 1670 1649 1646 1606 1645 1645 1699 1682 1708 1653 1640 1662 1644 1628 1616 1627 1668 1674 1613 1692 1664 1675 1649 1634 1683 1691 1661 1640 1677 1631 1694 1642 1660 1655 1657 1682 1670 1658 1692 1643 1673 1695 1698 1605 1652 1703 1687 1697 1685 1656 1690 1629 1668 1652 1676 1613 1657 1657 1693 1689 1583 1616 1684 1630 1693 1694 1636 1686 1644 1647 1649 1688 1635 1756 1677 1595 1623 1633 1668 1666 1677 1667 1689 1660 1677 1685 1641 1671 1680 1652 1637 1688 1645
"Su13.BD.MM15.SN.1" 1873 1778 1806 1781 1770 1780 1698 1861 1755 1773 1804 1762 1811 1761 1796 1797 1742 1841 1773 1830 1802 1802 1803 1781 1786 1824 1808 1762 1769 1814 1813 1820 1786 1807 1750 1792 1749 1782 1786 1838 1777 1812 1829 1808 1792 1784 1763 1786 1813 1756 1721 1756 1751 1790 1786 1767 1762 1850 1808 1789 1741 1863 1855 1846 1789 1827 1746 1693 1806 1756 1789 1744 1793 1792 1740 1775 1820 1784 1790 1754 1817 1788 1786 1741 1788 1861 1791 1773 1812 1846 1771 1826 1787 1814 1771 1831 1742 1769 1768 1796
"Su13.ED.MLB.DD.1" 2748 2784 2758 2731 2723 2765 2715 2750 2747 2692 2702 2682 2724 2715 2763 2752 2763 2709 2776 2766 2778 2714 2747 2729 2772 2735 2754 2772 2743 2780 2718 2728 2753 2749 2720 2718 2710 2756 2675 2605 2724 2746 2752 2767 2751 2735 2734 2758 2741 2758 2750 2721 2709 2803 2709 2721 2746 2733 2690 2715 2683 2708 2700 2720 2788 2689 2699 2735 2721 2741 2752 2765 2736 2691 2749 2733 2744 2711 2749 2670 2731 2778 2756 2786 2694 2742 2706 2741 2783 2761 2746 2796 2769 2710 2740 2708 2744 2746 2697 2754
"Su13.ED.MLB.SD.1" 2670 2666 2725 2744 2656 2673 2720 2652 2695 2727 2683 2703 2765 2676 2687 2627 2679 2643 2662 2708 2747 2692 2665 2692 2768 2667 2687 2715 2727 2663 2716 2713 2697 2709 2652 2677 2715 2728 2660 2705 2753 2715 2670 2683 2700 2733 2648 2718 2752 2706 2703 2670 2662 2651 2701 2631 2674 2707 2713 2671 2726 2689 2681 2650 2747 2707 2713 2687 2700 2679 2654 2653 2655 2757 2632 2717 2663 2681 2683 2667 2656 2709 2684 2764 2778 2734 2623 2714 2769 2689 2722 2715 2675 2718 2635 2671 2707 2652 2641 2682
"Su13.ED.MM110.DCMD.1" 1035 1001 997 1044 1000 1007 1011 1016 992 1020 1001 1036 1012 1029 1034 1023 1010 1001 1011 985 1008 1043 1050 995 1031 1003 1008 986 1007 1044 996 1024 1024 1029 1020 1017 973 999 1036 973 979 983 1008 983 1017 991 1006 1021 990 1004 991 1013 1028 1017 993 1028 1030 992 984 1023 1021 1010 1031 1002 1011 1011 999 992 1019 1009 1033 1012 1039 1034 1035 1025 1008 977 1018 991 1003 1018 992 985 1030 1029 1003 1024 1024 1017 1016 968 989 993 1026 992 1013 1045 1011 1019
"Su13.ED.MM110.SD.1" 1115 1156 1139 1156 1144 1150 1136 1147 1106 1139 1139 1093 1124 1090 1101 1131 1123 1146 1133 1135 1161 1142 1157 1134 1113 1112 1124 1130 1122 1156 1137 1123 1178 1129 1118 1167 1158 1121 1129 1122 1118 1135 1160 1151 1130 1153 1139 1117 1128 1125 1112 1147 1121 1111 1162 1139 1091 1136 1112 1107 1084 1130 1157 1134 1086 1162 1115 1151 1111 1139 1177 1118 1161 1137 1120 1105 1116 1150 1122 1132 1127 1170 1133 1168 1164 1111 1114 1130 1150 1109 1160 1145 1173 1159 1125 1129 1147 1140 1142 1120
"Su13.ED.MM110.SN.1" 768 787 769 769 754 765 762 741 765 758 782 763 781 755 744 749 721 793 760 764 767 773 745 782 792 772 749 781 751 772 756 752 792 752 746 756 752 764 742 716 767 728 756 722 744 756 792 769 780 754 788 777 766 735 748 758 755 762 765 766 785 752 768 777 752 733 778 726 752 756 758 773 755 784 745 772 742 737 780 776 731 758 742 758 732 784 777 766 779 782 752 760 756 760 767 761 769 763 777 758
"Su13.ED.MM15.DN.1" 2137 2088 2150 2096 2118 2170 2126 2128 2137 2106 2146 2113 2107 2134 2106 2066 2109 2095 2093 2102 2080 2120 2061 2113 2154 2129 2166 2075 2112 2137 2109 2152 2110 2112 2132 2086 2101 2116 2088 2087 2099 2064 2091 2129 2109 2094 2100 2159 2092 2114 2101 2094 2116 2083 2121 2086 2109 2124 2105 2155 2120 2073 2102 2119 2082 2048 2109 2112 2130 2122 2095 2129 2134 2114 2127 2091 2120 2107 2090 2113 2117 2058 2121 2105 2107 2119 2115 2137 2116 2097 2138 2153 2114 2124 2109 2168 2125 2120 2112 2152
"Su13.ED.MM15.SD.1" 1421 1400 1360 1350 1396 1397 1385 1371 1414 1390 1353 1362 1416 1375 1425 1409 1383 1401 1382 1358 1387 1388 1358 1392 1354 1384 1431 1369 1389 1380 1373 1406 1344 1406 1408 1411 1460 1349 1360 1392 1361 1389 1394 1377 1416 1379 1386 1409 1409 1401 1374 1411 1374 1412 1377 1393 1366 1352 1399 1401 1385 1372 1361 1345 1375 1393 1401 1404 1384 1389 1386 1406 1334 1405 1369 1411 1390 1367 1373 1401 1397 1414 1381 1410 1388 1396 1380 1355 1399 1349 1337 1402 1433 1385 1378 1390 1412 1384 1350 1369
"Su13.ED.MM15.SN.1" 1485 1507 1523 1501 1532 1513 1488 1502 1503 1556 1483 1504 1510 1513 1510 1505 1533 1510 1512 1499 1490 1478 1470 1519 1518 1500 1521 1522 1470 1498 1507 1515 1525 1513 1453 1539 1501 1499 1488 1526 1494 1502 1486 1514 1460 1511 1495 1467 1479 1506 1513 1513 1531 1478 1502 1514 1523 1473 1480 1514 1550 1494 1533 1488 1519 1488 1505 1467 1498 1521 1477 1529 1518 1522 1536 1497 1479 1518 1487 1516 1490 1509 1509 1506 1535 1454 1508 1483 1477 1523 1513 1466 1473 1512 1464 1498 1498 1467 1478 1543
